Grayson Mosley 71 6
24 60
3 20
4 20
24 60
17 60
20 10
Brenna Bentley 64.5 8
6 60
23 420
24 240
23 90
23 15
17 15
20 10
23 20
Preshus Glenn 63 6
23 94
24 236
5 49
9 56
17 45
20 30
Seth Nelson 73 7
23 105
23 23
23 10
23 33
23 23
23 73
23 12
Harrison Crettol 71 12
26 30
25 30
9 20
26 35
16 10
17 15
10 60
26 40
5 25
25 30
26 30
9 25
Michael Hall 69.5 8
14 20
15 28
16 12
17 83
25 25
5 120
10 15
20 37
Cindy Arnold 62.5 10
24 65
26 15
25 50
4 55
26 15
24 65
26 15
24 65
26 15
25 60
Adam Tindall 69 13
5 35
0 60
24 120
0 55
24 126
0 62
24 115
0 60
24 132
0 57
24 127
9 30
17 45
Jiawei Chen 70.87 6
3 40
5 148
9 82
14 122
17 114
24 56
Leah Evans 65 16
24 20
23 90
20 2
23 90
9 45
24 30
9 30
24 20
23 90
5 22
24 20
23 90
23 90
23 90
17 60
14 10
Drew Wheeler 71 6
24 30
24 25
8 300
8 250
24 30
24 20
Bhumir Patel 71 27
24 30
15 30
20 10
24 30
15 30
24 30
15 30
24 30
15 30
9 60
24 30
15 30
10 120
24 30
15 30
4 45
24 30
15 30
24 30
15 30
24 30
1 60
15 30
24 30
15 30
5 10
6 45
Brandon Mellon 68 6
24 30
24 25
8 300
8 250
24 30
24 20
Benjamin Dossey  73 6
0 180
5 120
9 30
15 10
23 1800
25 45
Kobe Sudderth 71 4
22 40
9 40
5 50
23 15
Matthew Whaley  73 6
23 120
10 60
0 150
5 60
1 60
9 120
Braeden Watkins 70 6
5 45
9 90
20 10
24 25
5 30
25 15
Michael Feiel 64 5
11 70
24 15
8 100
24 15
24 20
Abigail Ortega-Corretjer 65 6
26 15
9 60
8 200
5 300
11 45
24 60
Tyler  White 72.5 5
1 30
15 20
24 30
25 60
26 20
Kaleb  Cox 73 4
22 60
13 30
5 45
19 90
Jacob Crumb 68.5 3
24 60
23 60
25 60
Chris Ramos 64 4
23 108
23 85
23 176
23 152